.animation-roundin
  -webkit-animation: roundIn 1000ms linear both
  animation: roundIn 1000ms linear both

/* Generated with Bounce.js. Edit at http://goo.gl/kybt3n

@-webkit-keyframes roundIn
  0%
    -webkit-transform: matrix3d(1, 0, 0, 0, 0, 1, 0, 0, 0, 0, 1, 0, 0, 0, 0, 1)
    transform: matrix3d(1, 0, 0, 0, 0, 1, 0, 0, 0, 0, 1, 0, 0, 0, 0, 1)

  4.5%
    -webkit-transform: matrix3d(-0.895, 0.447, 0, 0, -0.447, -0.895, 0, 0, 0, 0, 1, 0, 0, 0, 0, 1)
    transform: matrix3d(-0.895, 0.447, 0, 0, -0.447, -0.895, 0, 0, 0, 0, 1, 0, 0, 0, 0, 1)

  9.01%
    -webkit-transform: matrix3d(-0.809, 0.588, 0, 0, -0.588, -0.809, 0, 0, 0, 0, 1, 0, 0, 0, 0, 1)
    transform: matrix3d(-0.809, 0.588, 0, 0, -0.588, -0.809, 0, 0, 0, 0, 1, 0, 0, 0, 0, 1)

  13.51%
    -webkit-transform: matrix3d(-0.923, 0.385, 0, 0, -0.385, -0.923, 0, 0, 0, 0, 1, 0, 0, 0, 0, 1)
    transform: matrix3d(-0.923, 0.385, 0, 0, -0.385, -0.923, 0, 0, 0, 0, 1, 0, 0, 0, 0, 1)

  17.92%
    -webkit-transform: matrix3d(-0.332, -0.943, 0, 0, 0.943, -0.332, 0, 0, 0, 0, 1, 0, 0, 0, 0, 1)
    transform: matrix3d(-0.332, -0.943, 0, 0, 0.943, -0.332, 0, 0, 0, 0, 1, 0, 0, 0, 0, 1)

  29.03%
    -webkit-transform: matrix3d(0.528, 0.849, 0, 0, -0.849, 0.528, 0, 0, 0, 0, 1, 0, 0, 0, 0, 1)
    transform: matrix3d(0.528, 0.849, 0, 0, -0.849, 0.528, 0, 0, 0, 0, 1, 0, 0, 0, 0, 1)

  34.63%
    -webkit-transform: matrix3d(0.983, -0.185, 0, 0, 0.185, 0.983, 0, 0, 0, 0, 1, 0, 0, 0, 0, 1)
    transform: matrix3d(0.983, -0.185, 0, 0, 0.185, 0.983, 0, 0, 0, 0, 1, 0, 0, 0, 0, 1)

  40.14%
    -webkit-transform: matrix3d(0.885, -0.466, 0, 0, 0.466, 0.885, 0, 0, 0, 0, 1, 0, 0, 0, 0, 1)
    transform: matrix3d(0.885, -0.466, 0, 0, 0.466, 0.885, 0, 0, 0, 0, 1, 0, 0, 0, 0, 1)

  62.36%
    -webkit-transform: matrix3d(0.999, 0.054, 0, 0, -0.054, 0.999, 0, 0, 0, 0, 1, 0, 0, 0, 0, 1)
    transform: matrix3d(0.999, 0.054, 0, 0, -0.054, 0.999, 0, 0, 0, 0, 1, 0, 0, 0, 0, 1)

  84.68%
    -webkit-transform: matrix3d(1, -0.006, 0, 0, 0.006, 1, 0, 0, 0, 0, 1, 0, 0, 0, 0, 1)
    transform: matrix3d(1, -0.006, 0, 0, 0.006, 1, 0, 0, 0, 0, 1, 0, 0, 0, 0, 1)

  100%
    -webkit-transform: matrix3d(1, 0, 0, 0, 0, 1, 0, 0, 0, 0, 1, 0, 0, 0, 0, 1)
    transform: matrix3d(1, 0, 0, 0, 0, 1, 0, 0, 0, 0, 1, 0, 0, 0, 0, 1)


@keyframes roundIn
  0%
    -webkit-transform: matrix3d(1, 0, 0, 0, 0, 1, 0, 0, 0, 0, 1, 0, 0, 0, 0, 1)
    transform: matrix3d(1, 0, 0, 0, 0, 1, 0, 0, 0, 0, 1, 0, 0, 0, 0, 1)

  4.5%
    -webkit-transform: matrix3d(-0.895, 0.447, 0, 0, -0.447, -0.895, 0, 0, 0, 0, 1, 0, 0, 0, 0, 1)
    transform: matrix3d(-0.895, 0.447, 0, 0, -0.447, -0.895, 0, 0, 0, 0, 1, 0, 0, 0, 0, 1)

  9.01%
    -webkit-transform: matrix3d(-0.809, 0.588, 0, 0, -0.588, -0.809, 0, 0, 0, 0, 1, 0, 0, 0, 0, 1)
    transform: matrix3d(-0.809, 0.588, 0, 0, -0.588, -0.809, 0, 0, 0, 0, 1, 0, 0, 0, 0, 1)

  13.51%
    -webkit-transform: matrix3d(-0.923, 0.385, 0, 0, -0.385, -0.923, 0, 0, 0, 0, 1, 0, 0, 0, 0, 1)
    transform: matrix3d(-0.923, 0.385, 0, 0, -0.385, -0.923, 0, 0, 0, 0, 1, 0, 0, 0, 0, 1)

  17.92%
    -webkit-transform: matrix3d(-0.332, -0.943, 0, 0, 0.943, -0.332, 0, 0, 0, 0, 1, 0, 0, 0, 0, 1)
    transform: matrix3d(-0.332, -0.943, 0, 0, 0.943, -0.332, 0, 0, 0, 0, 1, 0, 0, 0, 0, 1)

  29.03%
    -webkit-transform: matrix3d(0.528, 0.849, 0, 0, -0.849, 0.528, 0, 0, 0, 0, 1, 0, 0, 0, 0, 1)
    transform: matrix3d(0.528, 0.849, 0, 0, -0.849, 0.528, 0, 0, 0, 0, 1, 0, 0, 0, 0, 1)

  34.63%
    -webkit-transform: matrix3d(0.983, -0.185, 0, 0, 0.185, 0.983, 0, 0, 0, 0, 1, 0, 0, 0, 0, 1)
    transform: matrix3d(0.983, -0.185, 0, 0, 0.185, 0.983, 0, 0, 0, 0, 1, 0, 0, 0, 0, 1)

  40.14%
    -webkit-transform: matrix3d(0.885, -0.466, 0, 0, 0.466, 0.885, 0, 0, 0, 0, 1, 0, 0, 0, 0, 1)
    transform: matrix3d(0.885, -0.466, 0, 0, 0.466, 0.885, 0, 0, 0, 0, 1, 0, 0, 0, 0, 1)

  62.36%
    -webkit-transform: matrix3d(0.999, 0.054, 0, 0, -0.054, 0.999, 0, 0, 0, 0, 1, 0, 0, 0, 0, 1)
    transform: matrix3d(0.999, 0.054, 0, 0, -0.054, 0.999, 0, 0, 0, 0, 1, 0, 0, 0, 0, 1)

  84.68%
    -webkit-transform: matrix3d(1, -0.006, 0, 0, 0.006, 1, 0, 0, 0, 0, 1, 0, 0, 0, 0, 1)
    transform: matrix3d(1, -0.006, 0, 0, 0.006, 1, 0, 0, 0, 0, 1, 0, 0, 0, 0, 1)

  100%
    -webkit-transform: matrix3d(1, 0, 0, 0, 0, 1, 0, 0, 0, 0, 1, 0, 0, 0, 0, 1)
    transform: matrix3d(1, 0, 0, 0, 0, 1, 0, 0, 0, 0, 1, 0, 0, 0, 0, 1)